{
 "cells": [
  {
   "cell_type": "code",
   "execution_count": 10,
   "metadata": {},
   "outputs": [],
   "source": [
    "import pytorch_lightning as pl\n",
    "from pytorch_lightning.loggers import WandbLogger\n",
    "from pytorch_lightning import Callback\n",
    "\n",
    "import pandas as pd\n",
    "\n",
    "from transformers import BertTokenizer, BertForSequenceClassification\n",
    "from huggingface_hub import PyTorchModelHubMixin\n",
    "\n",
    "import torch\n",
    "from torch.utils.data import Dataset, DataLoader\n",
    "from torch.optim import Adam\n",
    "\n",
    "import wandb\n",
    "\n",
    "from sklearn.model_selection import train_test_split\n",
    "from sklearn.metrics import f1_score\n",
    "import numpy as np"
   ]
  },
  {
   "cell_type": "markdown",
   "metadata": {},
   "source": [
    "# BERT Classifier\n",
    "\n",
    "Our BERT classifier for the Data Chatbot.\n",
    "\n",
    "**Relevant Resources**\n",
    "\n",
    "- https://docs.wandb.ai/guides/integrations/lightning#logger-arguments\n",
    "- https://pytorch-lightning.readthedocs.io/en/0.9.0/hyperparameters.html"
   ]
  },
  {
   "cell_type": "markdown",
   "metadata": {},
   "source": [
    "## Define Dataset & DataLoader"
   ]
  },
  {
   "cell_type": "code",
   "execution_count": 11,
   "metadata": {},
   "outputs": [],
   "source": [
    "class ClassifierDataset(Dataset):\n",
    "    def __init__(self, dataframe, tokenizer, max_len):\n",
    "        self.tokenizer = tokenizer\n",
    "        self.data = dataframe\n",
    "        self.text = dataframe.text\n",
    "        self.labels = dataframe.label\n",
    "        self.max_len = max_len\n",
    "\n",
    "    def __len__(self):\n",
    "        return len(self.text)\n",
    "\n",
    "    def __getitem__(self, index):\n",
    "        text = str(self.text[index])\n",
    "        text = \" \".join(text.split()) # Removes any extra whitespace\n",
    "\n",
    "        # https://huggingface.co/docs/transformers/v4.34.0/en/internal/tokenization_utils#transformers.PreTrainedTokenizerBase.__call__\n",
    "        inputs = self.tokenizer(\n",
    "            text,\n",
    "            None,\n",
    "            add_special_tokens=True, # Add '[CLS]' and '[SEP]', default True\n",
    "            max_length=self.max_len, # Maximum length to use by one of the truncation/padding parameters\n",
    "            padding='max_length', # Pad to a maximum length specified with the argument max_length\n",
    "            truncation=True, # Truncate to a maximum length specified with the argument max_length\n",
    "        )\n",
    "        ids = inputs['input_ids'] # Indices of input sequence tokens in the vocabulary\n",
    "        mask = inputs['attention_mask'] # Mask to avoid performing attention on padding token indices\n",
    "        \n",
    "        return {\n",
    "            'ids': torch.tensor(ids, dtype=torch.long),\n",
    "            'mask': torch.tensor(mask, dtype=torch.long),\n",
    "            'labels': torch.tensor(self.labels[index], dtype=torch.long)\n",
    "        }\n",
    "    \n",
    "\n",
    "# Load data and return DataLoader\n",
    "def get_dataloader(df, tokenizer, max_len=None, batch_size=32, shuffle=True, nobatch=False):\n",
    "    \"\"\"\n",
    "    Loads data into a PyTorch DataLoader object.\n",
    "\n",
    "    Parameters:\n",
    "    - df (pd.DataFrame): The data frame containing the text and labels.\n",
    "    - tokenizer (Tokenizer): The tokenizer to be used.\n",
    "    - max_len (int, optional): The maximum length for the tokenized sequences. Defaults to None (model's limitation).\n",
    "    - batch_size (int, optional): The size of each batch. Defaults to 32.\n",
    "    - shuffle (bool, optional): Whether to shuffle the data. Defaults to True.\n",
    "    - nobatch (bool, optional): Whether to disable batching. If True, batch_size will be set to the length of df. Defaults to False.\n",
    "\n",
    "    Returns:\n",
    "    - DataLoader: A PyTorch DataLoader object containing the tokenized data.\n",
    "\n",
    "    Notes:\n",
    "    - The label mapping {'harm': 0, 'question': 1, 'concern': 2} is applied to the labels in df.\n",
    "    \"\"\"\n",
    "    label_mapping = {'harm': 0, 'question': 1, 'concern': 2}\n",
    "    df['label'] = df['label'].map(label_mapping)\n",
    "    dataset = ClassifierDataset(df, tokenizer, max_len)\n",
    "\n",
    "    # Handle nobatch\n",
    "    batch_size = batch_size if not nobatch else df.__len__()\n",
    "    print(f\"DataLoader | No Batch: {nobatch}; Batch Size: {batch_size}\")\n",
    "\n",
    "    # Create DataLoader\n",
    "    params = {'batch_size': batch_size, 'shuffle': shuffle, 'num_workers': 0}\n",
    "    data_loader = DataLoader(dataset, **params)\n",
    "    return data_loader"
   ]
  },
  {
   "cell_type": "markdown",
   "metadata": {},
   "source": [
    "## Define Model"
   ]
  },
  {
   "cell_type": "code",
   "execution_count": 16,
   "metadata": {},
   "outputs": [],
   "source": [
    "class BERTClassifier(pl.LightningModule, PyTorchModelHubMixin):\n",
    "    def __init__(self, hparams):\n",
    "        super(BERTClassifier, self).__init__()\n",
    "\n",
    "        # Save hyperparameters\n",
    "        self.hparams.update(hparams)\n",
    "        self.__configure_from_hyperparams()\n",
    "\n",
    "        self.model = BertForSequenceClassification.from_pretrained('bert-base-multilingual-cased', num_labels=3)\n",
    "    \n",
    "    def forward(self, ids, mask):\n",
    "        output = self.model(ids, attention_mask=mask)\n",
    "        return output.logits\n",
    "\n",
    "    def training_step(self, batch, batch_nb):\n",
    "        return self.__step(batch, batch_nb, 'train')\n",
    "\n",
    "    def validation_step(self, batch, batch_nb):\n",
    "        return self.__step(batch, batch_nb, 'val')\n",
    "\n",
    "    def configure_optimizers(self):\n",
    "        return Adam(self.parameters(), lr=1e-5)\n",
    "\n",
    "    def save_pretrained(self, *args, **kwargs):\n",
    "        # Forward all arguments to the inner Bert model's save_pretrained method\n",
    "        self.model.save_pretrained(*args, **kwargs)\n",
    "\n",
    "    def push_to_hub(self, *args, **kwargs):\n",
    "        # Forward all arguments to the inner Bert model's push_to_hub method\n",
    "        self.model.push_to_hub(*args, **kwargs)\n",
    "\n",
    "    def __configure_from_hyperparams(self):\n",
    "        # Set N/A hyperparameters to default values\n",
    "        self.max_len = self.hparams.get(\"max_len\", 100)\n",
    "        self.batch_size =  self.hparams.get(\"batch_size\", 32)\n",
    "\n",
    "    def __step(self, batch, batch_idx, stage):\n",
    "        preds, loss, accuracy, f1 = self.__get_preds_loss_accuracy(batch)\n",
    "        \n",
    "        self.log(\n",
    "            f'{stage}/accuracy',\n",
    "            accuracy,\n",
    "            on_step=True,\n",
    "            on_epoch=True,\n",
    "            prog_bar=True,\n",
    "            logger=True,\n",
    "        )\n",
    "        self.log(\n",
    "            f'{stage}/f1',\n",
    "            f1,\n",
    "            on_step=True,\n",
    "            on_epoch=True,\n",
    "            prog_bar=True,\n",
    "            logger=True,\n",
    "        )\n",
    "        self.log(f'{stage}/loss', loss)\n",
    "\n",
    "        return loss\n",
    "\n",
    "    def __get_preds_loss_accuracy(self, batch):\n",
    "        # Helper function to get predictions and loss\n",
    "        ids = batch['ids']\n",
    "        mask = batch['mask']\n",
    "        labels = batch['labels']\n",
    "        \n",
    "        preds = self(ids, mask)\n",
    "        loss = torch.nn.CrossEntropyLoss()(preds, labels)\n",
    "\n",
    "        # Calculate accuracy\n",
    "        _, predicted = torch.max(preds, 1)\n",
    "        correct = (predicted == labels).sum().item()\n",
    "        total = labels.size(0)\n",
    "        accuracy = correct / total\n",
    "\n",
    "        # Calculate F1 score\n",
    "        labels_cpu = labels.cpu().numpy()\n",
    "        predicted_cpu = predicted.cpu().numpy()\n",
    "        f1 = f1_score(labels_cpu, predicted_cpu, average='macro')\n",
    "\n",
    "        return preds, loss, accuracy, f1"
   ]
  },
  {
   "cell_type": "markdown",
   "metadata": {},
   "source": [
    "## Helper Functions"
   ]
  },
  {
   "cell_type": "code",
   "execution_count": 26,
   "metadata": {},
   "outputs": [],
   "source": [
    "class ConfusionMatrixLogger(Callback):\n",
    "    def __init__(self):\n",
    "        super().__init__()\n",
    "        self.preds = []\n",
    "        self.targets = []\n",
    "\n",
    "    def on_validation_batch_end(self, trainer, pl_module, outputs, batch, batch_idx):\n",
    "        ids = batch['ids']\n",
    "        mask = batch['mask']\n",
    "        labels = batch['labels']\n",
    "        preds = pl_module(ids, mask)\n",
    "        ground_truth_ids = labels.flatten().cpu().numpy()\n",
    "\n",
    "        self.preds.extend(preds.cpu().numpy())\n",
    "        self.targets.extend(ground_truth_ids)\n",
    "\n",
    "    def on_validation_epoch_end(self, trainer, pl_module):\n",
    "        all_labels = ['harm', 'question', 'concern']\n",
    "\n",
    "        # Log the confusion matrix\n",
    "        wandb.log({\"confusion_matrix\": wandb.plot.confusion_matrix(\n",
    "            preds=np.argmax(np.array(self.preds), axis=1), y_true=self.targets, class_names=all_labels)\n",
    "        })\n",
    "\n",
    "        # Log the ROC curve\n",
    "        probabilites = torch.nn.functional.softmax(torch.tensor(self.preds), dim=1)\n",
    "        print(probabilites)\n",
    "        wandb.log({\"roc\" : wandb.plot.roc_curve(\n",
    "            y_true=self.targets, y_probas=probabilites, labels=all_labels, classes_to_plot=None)\n",
    "        })\n",
    "\n",
    "        # Clear for the next epoch\n",
    "        self.preds = []\n",
    "        self.targets = []"
   ]
  },
  {
   "cell_type": "code",
   "execution_count": 14,
   "metadata": {},
   "outputs": [],
   "source": [
    "def finetune_bert(run_config, train_dataloader, val_dataloader):\n",
    "    # WandB initialization \n",
    "    wandb.login()\n",
    "\n",
    "    # Initialize model\n",
    "    model = BERTClassifier(hparams=run_config)\n",
    "\n",
    "    # Initialize WandbLogger\n",
    "    wandb_logger = WandbLogger(entity='yvokeller', project='data-chatbot') # log_model='all'\n",
    "    wandb_logger.experiment.config.update(run_config)\n",
    "\n",
    "    # Create an instance of the ConfusionMatrixLogger class\n",
    "    confusion_matrix_logger = ConfusionMatrixLogger()\n",
    "\n",
    "    # Initialize Trainer\n",
    "    trainer = pl.Trainer(\n",
    "        max_epochs=run_config.get('epochs'), \n",
    "        logger=wandb_logger,\n",
    "        callbacks=[confusion_matrix_logger],\n",
    "        log_every_n_steps=1, \n",
    "        enable_progress_bar=True,\n",
    "    )\n",
    "\n",
    "    # Train the model\n",
    "    trainer.fit(model, train_dataloader, val_dataloader)\n",
    "\n",
    "    # Close WandB logger\n",
    "    wandb.finish()\n",
    "\n",
    "    return model"
   ]
  },
  {
   "cell_type": "markdown",
   "metadata": {},
   "source": [
    "## Fine-tune BERT Model\n",
    "\n",
    "### POC with Simple Demo Dataset"
   ]
  },
  {
   "cell_type": "code",
   "execution_count": 8,
   "metadata": {},
   "outputs": [
    {
     "name": "stderr",
     "output_type": "stream",
     "text": [
      "\u001b[34m\u001b[1mwandb\u001b[0m: \u001b[33mWARNING\u001b[0m Calling wandb.login() after wandb.init() has no effect.\n",
      "\u001b[34m\u001b[1mwandb\u001b[0m: \u001b[33mWARNING\u001b[0m Calling wandb.login() after wandb.init() has no effect.\n"
     ]
    },
    {
     "name": "stdout",
     "output_type": "stream",
     "text": [
      "DataLoader | No Batch: False; Batch Size: 32\n",
      "DataLoader | No Batch: True; Batch Size: 3\n"
     ]
    },
    {
     "name": "stderr",
     "output_type": "stream",
     "text": [
      "Some weights of BertForSequenceClassification were not initialized from the model checkpoint at bert-base-multilingual-cased and are newly initialized: ['classifier.bias', 'classifier.weight']\n",
      "You should probably TRAIN this model on a down-stream task to be able to use it for predictions and inference.\n",
      "/opt/homebrew/Caskroom/miniforge/base/envs/deep-learning/lib/python3.10/site-packages/pytorch_lightning/loggers/wandb.py:398: UserWarning: There is a wandb run already in progress and newly created instances of `WandbLogger` will reuse this run. If this is not desired, call `wandb.finish()` before instantiating `WandbLogger`.\n",
      "  rank_zero_warn(\n",
      "GPU available: True (mps), used: True\n",
      "TPU available: False, using: 0 TPU cores\n",
      "IPU available: False, using: 0 IPUs\n",
      "HPU available: False, using: 0 HPUs\n",
      "\n",
      "  | Name  | Type                          | Params\n",
      "--------------------------------------------------------\n",
      "0 | model | BertForSequenceClassification | 177 M \n",
      "--------------------------------------------------------\n",
      "177 M     Trainable params\n",
      "0         Non-trainable params\n",
      "177 M     Total params\n",
      "711.423   Total estimated model params size (MB)\n"
     ]
    },
    {
     "data": {
      "application/vnd.jupyter.widget-view+json": {
       "model_id": "6e587ff601f14369bc2f57d536651ffd",
       "version_major": 2,
       "version_minor": 0
      },
      "text/plain": [
       "Sanity Checking: 0it [00:00, ?it/s]"
      ]
     },
     "metadata": {},
     "output_type": "display_data"
    },
    {
     "name": "stderr",
     "output_type": "stream",
     "text": [
      "/opt/homebrew/Caskroom/miniforge/base/envs/deep-learning/lib/python3.10/site-packages/pytorch_lightning/trainer/connectors/data_connector.py:442: PossibleUserWarning: The dataloader, val_dataloader, does not have many workers which may be a bottleneck. Consider increasing the value of the `num_workers` argument` (try 12 which is the number of cpus on this machine) in the `DataLoader` init to improve performance.\n",
      "  rank_zero_warn(\n",
      "/opt/homebrew/Caskroom/miniforge/base/envs/deep-learning/lib/python3.10/site-packages/pytorch_lightning/trainer/connectors/data_connector.py:442: PossibleUserWarning: The dataloader, train_dataloader, does not have many workers which may be a bottleneck. Consider increasing the value of the `num_workers` argument` (try 12 which is the number of cpus on this machine) in the `DataLoader` init to improve performance.\n",
      "  rank_zero_warn(\n"
     ]
    },
    {
     "data": {
      "application/vnd.jupyter.widget-view+json": {
       "model_id": "7e8e90d848e84885a3ff0869726c1705",
       "version_major": 2,
       "version_minor": 0
      },
      "text/plain": [
       "Training: 0it [00:00, ?it/s]"
      ]
     },
     "metadata": {},
     "output_type": "display_data"
    },
    {
     "data": {
      "application/vnd.jupyter.widget-view+json": {
       "model_id": "d5a1eab01b864a4388e12d43479aaef8",
       "version_major": 2,
       "version_minor": 0
      },
      "text/plain": [
       "Validation: 0it [00:00, ?it/s]"
      ]
     },
     "metadata": {},
     "output_type": "display_data"
    },
    {
     "data": {
      "application/vnd.jupyter.widget-view+json": {
       "model_id": "389bc67ab942446995fec47eccc2a2ab",
       "version_major": 2,
       "version_minor": 0
      },
      "text/plain": [
       "Validation: 0it [00:00, ?it/s]"
      ]
     },
     "metadata": {},
     "output_type": "display_data"
    },
    {
     "data": {
      "application/vnd.jupyter.widget-view+json": {
       "model_id": "ae0930fbfb0541a9b9c6eb6b324369c3",
       "version_major": 2,
       "version_minor": 0
      },
      "text/plain": [
       "Validation: 0it [00:00, ?it/s]"
      ]
     },
     "metadata": {},
     "output_type": "display_data"
    },
    {
     "data": {
      "application/vnd.jupyter.widget-view+json": {
       "model_id": "10b0b78ff58b410bac4137647367f450",
       "version_major": 2,
       "version_minor": 0
      },
      "text/plain": [
       "Validation: 0it [00:00, ?it/s]"
      ]
     },
     "metadata": {},
     "output_type": "display_data"
    },
    {
     "data": {
      "application/vnd.jupyter.widget-view+json": {
       "model_id": "5276561d30474e32be28267f830a866d",
       "version_major": 2,
       "version_minor": 0
      },
      "text/plain": [
       "Validation: 0it [00:00, ?it/s]"
      ]
     },
     "metadata": {},
     "output_type": "display_data"
    },
    {
     "name": "stderr",
     "output_type": "stream",
     "text": [
      "`Trainer.fit` stopped: `max_epochs=5` reached.\n"
     ]
    },
    {
     "data": {
      "text/html": [
       "Waiting for W&B process to finish... <strong style=\"color:green\">(success).</strong>"
      ],
      "text/plain": [
       "<IPython.core.display.HTML object>"
      ]
     },
     "metadata": {},
     "output_type": "display_data"
    },
    {
     "name": "stderr",
     "output_type": "stream",
     "text": [
      "wandb: WARNING Source type is set to 'repo' but some required information is missing from the environment. A job will not be created from this run. See https://docs.wandb.ai/guides/launch/create-job\n"
     ]
    },
    {
     "data": {
      "application/vnd.jupyter.widget-view+json": {
       "model_id": "32db4a8e86fc46d5bde422f50205ea78",
       "version_major": 2,
       "version_minor": 0
      },
      "text/plain": [
       "VBox(children=(Label(value='0.006 MB of 0.006 MB uploaded (0.000 MB deduped)\\r'), FloatProgress(value=1.0, max…"
      ]
     },
     "metadata": {},
     "output_type": "display_data"
    },
    {
     "data": {
      "text/html": [
       "<style>\n",
       "    table.wandb td:nth-child(1) { padding: 0 10px; text-align: left ; width: auto;} td:nth-child(2) {text-align: left ; width: 100%}\n",
       "    .wandb-row { display: flex; flex-direction: row; flex-wrap: wrap; justify-content: flex-start; width: 100% }\n",
       "    .wandb-col { display: flex; flex-direction: column; flex-basis: 100%; flex: 1; padding: 10px; }\n",
       "    </style>\n",
       "<div class=\"wandb-row\"><div class=\"wandb-col\"><h3>Run history:</h3><br/><table class=\"wandb\"><tr><td>epoch</td><td>▁▁▁▃▃▃▅▅▅▆▆▆███</td></tr><tr><td>train/accuracy_epoch</td><td>██▁▁▁</td></tr><tr><td>train/accuracy_step</td><td>██▁▁▁</td></tr><tr><td>train/f1_epoch</td><td>██▁▁▁</td></tr><tr><td>train/f1_step</td><td>██▁▁▁</td></tr><tr><td>train/loss</td><td>█▆▅▄▁</td></tr><tr><td>trainer/global_step</td><td>▁▁▁▁▁▁▃▃▃▃▃▃▅▅▅▅▅▅▆▆▆▆▆▆██████</td></tr><tr><td>val/accuracy_epoch</td><td>▁▁▁▁▁</td></tr><tr><td>val/accuracy_step</td><td>▁▁▁▁▁</td></tr><tr><td>val/f1_epoch</td><td>▁▁▁▁▁</td></tr><tr><td>val/f1_step</td><td>▁▁▁▁▁</td></tr><tr><td>val/loss</td><td>█▇▆▄▁</td></tr></table><br/></div><div class=\"wandb-col\"><h3>Run summary:</h3><br/><table class=\"wandb\"><tr><td>epoch</td><td>4</td></tr><tr><td>train/accuracy_epoch</td><td>0.4</td></tr><tr><td>train/accuracy_step</td><td>0.4</td></tr><tr><td>train/f1_epoch</td><td>0.4</td></tr><tr><td>train/f1_step</td><td>0.4</td></tr><tr><td>train/loss</td><td>0.92182</td></tr><tr><td>trainer/global_step</td><td>4</td></tr><tr><td>val/accuracy_epoch</td><td>0.33333</td></tr><tr><td>val/accuracy_step</td><td>0.33333</td></tr><tr><td>val/f1_epoch</td><td>0.33333</td></tr><tr><td>val/f1_step</td><td>0.33333</td></tr><tr><td>val/loss</td><td>1.09284</td></tr></table><br/></div></div>"
      ],
      "text/plain": [
       "<IPython.core.display.HTML object>"
      ]
     },
     "metadata": {},
     "output_type": "display_data"
    },
    {
     "data": {
      "text/html": [
       " View run <strong style=\"color:#cdcd00\">breezy-rain-41</strong> at: <a href='https://wandb.ai/yvokeller/data-chatbot/runs/axwyha3j' target=\"_blank\">https://wandb.ai/yvokeller/data-chatbot/runs/axwyha3j</a><br/>Synced 6 W&B file(s), 12 media file(s), 3 artifact file(s) and 0 other file(s)"
      ],
      "text/plain": [
       "<IPython.core.display.HTML object>"
      ]
     },
     "metadata": {},
     "output_type": "display_data"
    },
    {
     "data": {
      "text/html": [
       "Find logs at: <code>./wandb/run-20231026_144512-axwyha3j/logs</code>"
      ],
      "text/plain": [
       "<IPython.core.display.HTML object>"
      ]
     },
     "metadata": {},
     "output_type": "display_data"
    }
   ],
   "source": [
    "# WandB initialization \n",
    "wandb.login()\n",
    "\n",
    "# Config\n",
    "run_config = {\n",
    "    'epochs': 5,\n",
    "    'max_len': 100,\n",
    "    'batch_size': 32\n",
    "}\n",
    "\n",
    "# Initialize BERT tokenizer\n",
    "tokenizer = BertTokenizer.from_pretrained('bert-base-multilingual-cased')\n",
    "\n",
    "# Load training and validation data\n",
    "train_df = pd.read_csv('data/train.csv')\n",
    "train_dataloader = get_dataloader(train_df, tokenizer, max_len=run_config.get('max_len'), batch_size=run_config.get('batch_size'))\n",
    "\n",
    "val_df = pd.read_csv('data/val.csv')\n",
    "val_dataloader = get_dataloader(val_df, tokenizer, run_config.get('max_len'), batch_size=run_config.get('batch_size'), shuffle=False, nobatch=True)\n",
    "\n",
    "# Finetune BERT\n",
    "model = finetune_bert(run_config, train_dataloader, val_dataloader)"
   ]
  },
  {
   "cell_type": "markdown",
   "metadata": {},
   "source": [
    "### Overfit on a small sample"
   ]
  },
  {
   "cell_type": "code",
   "execution_count": 29,
   "metadata": {},
   "outputs": [
    {
     "name": "stdout",
     "output_type": "stream",
     "text": [
      "train (64, 2)\n",
      "DataLoader | No Batch: False; Batch Size: 16\n",
      "val (64, 2)\n",
      "DataLoader | No Batch: True; Batch Size: 64\n"
     ]
    },
    {
     "name": "stderr",
     "output_type": "stream",
     "text": [
      "Some weights of BertForSequenceClassification were not initialized from the model checkpoint at bert-base-multilingual-cased and are newly initialized: ['classifier.bias', 'classifier.weight']\n",
      "You should probably TRAIN this model on a down-stream task to be able to use it for predictions and inference.\n"
     ]
    },
    {
     "data": {
      "text/html": [
       "Tracking run with wandb version 0.15.12"
      ],
      "text/plain": [
       "<IPython.core.display.HTML object>"
      ]
     },
     "metadata": {},
     "output_type": "display_data"
    },
    {
     "data": {
      "text/html": [
       "Run data is saved locally in <code>./wandb/run-20231026_171031-dchken98</code>"
      ],
      "text/plain": [
       "<IPython.core.display.HTML object>"
      ]
     },
     "metadata": {},
     "output_type": "display_data"
    },
    {
     "data": {
      "text/html": [
       "Syncing run <strong><a href='https://wandb.ai/yvokeller/data-chatbot/runs/dchken98' target=\"_blank\">lucky-water-48</a></strong> to <a href='https://wandb.ai/yvokeller/data-chatbot' target=\"_blank\">Weights & Biases</a> (<a href='https://wandb.me/run' target=\"_blank\">docs</a>)<br/>"
      ],
      "text/plain": [
       "<IPython.core.display.HTML object>"
      ]
     },
     "metadata": {},
     "output_type": "display_data"
    },
    {
     "data": {
      "text/html": [
       " View project at <a href='https://wandb.ai/yvokeller/data-chatbot' target=\"_blank\">https://wandb.ai/yvokeller/data-chatbot</a>"
      ],
      "text/plain": [
       "<IPython.core.display.HTML object>"
      ]
     },
     "metadata": {},
     "output_type": "display_data"
    },
    {
     "data": {
      "text/html": [
       " View run at <a href='https://wandb.ai/yvokeller/data-chatbot/runs/dchken98' target=\"_blank\">https://wandb.ai/yvokeller/data-chatbot/runs/dchken98</a>"
      ],
      "text/plain": [
       "<IPython.core.display.HTML object>"
      ]
     },
     "metadata": {},
     "output_type": "display_data"
    },
    {
     "name": "stderr",
     "output_type": "stream",
     "text": [
      "GPU available: True (mps), used: True\n",
      "TPU available: False, using: 0 TPU cores\n",
      "IPU available: False, using: 0 IPUs\n",
      "HPU available: False, using: 0 HPUs\n",
      "\n",
      "  | Name  | Type                          | Params\n",
      "--------------------------------------------------------\n",
      "0 | model | BertForSequenceClassification | 177 M \n",
      "--------------------------------------------------------\n",
      "177 M     Trainable params\n",
      "0         Non-trainable params\n",
      "177 M     Total params\n",
      "711.423   Total estimated model params size (MB)\n"
     ]
    },
    {
     "data": {
      "application/vnd.jupyter.widget-view+json": {
       "model_id": "14da97b9dca945cf8006f208307e744f",
       "version_major": 2,
       "version_minor": 0
      },
      "text/plain": [
       "Sanity Checking: 0it [00:00, ?it/s]"
      ]
     },
     "metadata": {},
     "output_type": "display_data"
    },
    {
     "name": "stderr",
     "output_type": "stream",
     "text": [
      "/opt/homebrew/Caskroom/miniforge/base/envs/deep-learning/lib/python3.10/site-packages/pytorch_lightning/trainer/connectors/data_connector.py:442: PossibleUserWarning: The dataloader, val_dataloader, does not have many workers which may be a bottleneck. Consider increasing the value of the `num_workers` argument` (try 12 which is the number of cpus on this machine) in the `DataLoader` init to improve performance.\n",
      "  rank_zero_warn(\n",
      "Using bos_token, but it is not set yet.\n",
      "Using eos_token, but it is not set yet.\n",
      "Using bos_token, but it is not set yet.\n",
      "Using eos_token, but it is not set yet.\n"
     ]
    },
    {
     "name": "stdout",
     "output_type": "stream",
     "text": [
      "tensor([[0.2829, 0.4150, 0.3021],\n",
      "        [0.2615, 0.4346, 0.3039],\n",
      "        [0.2804, 0.4186, 0.3010],\n",
      "        [0.2493, 0.4691, 0.2816],\n",
      "        [0.2803, 0.4108, 0.3089],\n",
      "        [0.2742, 0.4362, 0.2896],\n",
      "        [0.2442, 0.4593, 0.2965],\n",
      "        [0.2814, 0.4083, 0.3103],\n",
      "        [0.2695, 0.4215, 0.3089],\n",
      "        [0.2784, 0.4222, 0.2994],\n",
      "        [0.2697, 0.4309, 0.2994],\n",
      "        [0.2644, 0.4446, 0.2910],\n",
      "        [0.2559, 0.4373, 0.3069],\n",
      "        [0.2569, 0.4530, 0.2901],\n",
      "        [0.2545, 0.4522, 0.2932],\n",
      "        [0.2775, 0.4073, 0.3152],\n",
      "        [0.2669, 0.4440, 0.2891],\n",
      "        [0.2664, 0.4324, 0.3012],\n",
      "        [0.2858, 0.4220, 0.2923],\n",
      "        [0.2734, 0.4374, 0.2892],\n",
      "        [0.2737, 0.4481, 0.2782],\n",
      "        [0.2687, 0.4430, 0.2883],\n",
      "        [0.2737, 0.4104, 0.3159],\n",
      "        [0.2857, 0.4193, 0.2950],\n",
      "        [0.2696, 0.4331, 0.2974],\n",
      "        [0.2783, 0.4325, 0.2891],\n",
      "        [0.2581, 0.4601, 0.2818],\n",
      "        [0.2756, 0.4235, 0.3009],\n",
      "        [0.2600, 0.4397, 0.3002],\n",
      "        [0.2576, 0.4646, 0.2778],\n",
      "        [0.2691, 0.4450, 0.2859],\n",
      "        [0.2647, 0.4236, 0.3117],\n",
      "        [0.2679, 0.4031, 0.3290],\n",
      "        [0.2643, 0.4318, 0.3039],\n",
      "        [0.2564, 0.4629, 0.2807],\n",
      "        [0.2793, 0.4569, 0.2638],\n",
      "        [0.2744, 0.4140, 0.3116],\n",
      "        [0.2769, 0.4301, 0.2930],\n",
      "        [0.2651, 0.4307, 0.3041],\n",
      "        [0.3017, 0.4086, 0.2898],\n",
      "        [0.2737, 0.4620, 0.2643],\n",
      "        [0.2690, 0.4454, 0.2856],\n",
      "        [0.2706, 0.4281, 0.3013],\n",
      "        [0.2640, 0.4201, 0.3160],\n",
      "        [0.2619, 0.4543, 0.2838],\n",
      "        [0.2687, 0.4260, 0.3053],\n",
      "        [0.2687, 0.4035, 0.3278],\n",
      "        [0.2728, 0.4240, 0.3033],\n",
      "        [0.2882, 0.4179, 0.2939],\n",
      "        [0.2656, 0.4437, 0.2907],\n",
      "        [0.2932, 0.4039, 0.3029],\n",
      "        [0.2539, 0.4671, 0.2790],\n",
      "        [0.2661, 0.4190, 0.3149],\n",
      "        [0.2843, 0.4175, 0.2982],\n",
      "        [0.2819, 0.4378, 0.2803],\n",
      "        [0.2704, 0.4189, 0.3107],\n",
      "        [0.2771, 0.4206, 0.3023],\n",
      "        [0.3032, 0.3981, 0.2987],\n",
      "        [0.2985, 0.4081, 0.2934],\n",
      "        [0.2566, 0.4533, 0.2901],\n",
      "        [0.2706, 0.4381, 0.2913],\n",
      "        [0.2608, 0.4219, 0.3172],\n",
      "        [0.2740, 0.4193, 0.3067],\n",
      "        [0.2783, 0.4437, 0.2780]])\n"
     ]
    },
    {
     "name": "stderr",
     "output_type": "stream",
     "text": [
      "/opt/homebrew/Caskroom/miniforge/base/envs/deep-learning/lib/python3.10/site-packages/pytorch_lightning/trainer/connectors/data_connector.py:442: PossibleUserWarning: The dataloader, train_dataloader, does not have many workers which may be a bottleneck. Consider increasing the value of the `num_workers` argument` (try 12 which is the number of cpus on this machine) in the `DataLoader` init to improve performance.\n",
      "  rank_zero_warn(\n"
     ]
    },
    {
     "data": {
      "application/vnd.jupyter.widget-view+json": {
       "model_id": "dbe20b1a27b043378bf153911f0fcfd1",
       "version_major": 2,
       "version_minor": 0
      },
      "text/plain": [
       "Training: 0it [00:00, ?it/s]"
      ]
     },
     "metadata": {},
     "output_type": "display_data"
    },
    {
     "data": {
      "application/vnd.jupyter.widget-view+json": {
       "model_id": "d5401e300b5d4d498d17d686f6ac2d24",
       "version_major": 2,
       "version_minor": 0
      },
      "text/plain": [
       "Validation: 0it [00:00, ?it/s]"
      ]
     },
     "metadata": {},
     "output_type": "display_data"
    },
    {
     "name": "stderr",
     "output_type": "stream",
     "text": [
      "Using bos_token, but it is not set yet.\n",
      "Using eos_token, but it is not set yet.\n",
      "Using bos_token, but it is not set yet.\n",
      "Using eos_token, but it is not set yet.\n"
     ]
    },
    {
     "name": "stdout",
     "output_type": "stream",
     "text": [
      "tensor([[0.3421, 0.3239, 0.3340],\n",
      "        [0.2976, 0.2749, 0.4275],\n",
      "        [0.2625, 0.4304, 0.3071],\n",
      "        [0.2740, 0.4196, 0.3064],\n",
      "        [0.3103, 0.3158, 0.3739],\n",
      "        [0.3204, 0.2866, 0.3930],\n",
      "        [0.2617, 0.3770, 0.3613],\n",
      "        [0.2382, 0.4637, 0.2981],\n",
      "        [0.2890, 0.3381, 0.3728],\n",
      "        [0.3136, 0.3413, 0.3450],\n",
      "        [0.2953, 0.3777, 0.3271],\n",
      "        [0.2099, 0.5159, 0.2742],\n",
      "        [0.3051, 0.2612, 0.4337],\n",
      "        [0.2947, 0.3606, 0.3447],\n",
      "        [0.2644, 0.4154, 0.3202],\n",
      "        [0.2425, 0.4438, 0.3137],\n",
      "        [0.2277, 0.4841, 0.2882],\n",
      "        [0.2812, 0.3162, 0.4026],\n",
      "        [0.2747, 0.4133, 0.3120],\n",
      "        [0.2781, 0.3506, 0.3713],\n",
      "        [0.2932, 0.3714, 0.3354],\n",
      "        [0.3175, 0.2840, 0.3985],\n",
      "        [0.2964, 0.3042, 0.3994],\n",
      "        [0.3530, 0.3249, 0.3221],\n",
      "        [0.3088, 0.2685, 0.4227],\n",
      "        [0.2991, 0.2980, 0.4029],\n",
      "        [0.2094, 0.5312, 0.2594],\n",
      "        [0.3086, 0.3275, 0.3639],\n",
      "        [0.2101, 0.5077, 0.2822],\n",
      "        [0.2329, 0.4918, 0.2753],\n",
      "        [0.2277, 0.4976, 0.2747],\n",
      "        [0.3076, 0.3394, 0.3530],\n",
      "        [0.2772, 0.3017, 0.4211],\n",
      "        [0.2855, 0.3269, 0.3876],\n",
      "        [0.2854, 0.3965, 0.3181],\n",
      "        [0.3193, 0.2829, 0.3977],\n",
      "        [0.2230, 0.4889, 0.2880],\n",
      "        [0.2419, 0.4872, 0.2709],\n",
      "        [0.2317, 0.4766, 0.2917],\n",
      "        [0.2650, 0.4570, 0.2780],\n",
      "        [0.3383, 0.2466, 0.4150],\n",
      "        [0.3085, 0.3616, 0.3299],\n",
      "        [0.2950, 0.2922, 0.4128],\n",
      "        [0.3017, 0.3388, 0.3595],\n",
      "        [0.2239, 0.5032, 0.2729],\n",
      "        [0.2388, 0.4530, 0.3083],\n",
      "        [0.2905, 0.3590, 0.3506],\n",
      "        [0.3148, 0.3417, 0.3435],\n",
      "        [0.2472, 0.4717, 0.2811],\n",
      "        [0.3079, 0.3438, 0.3483],\n",
      "        [0.3355, 0.3164, 0.3481],\n",
      "        [0.2900, 0.3916, 0.3184],\n",
      "        [0.2899, 0.3359, 0.3741],\n",
      "        [0.2291, 0.4998, 0.2711],\n",
      "        [0.3112, 0.3372, 0.3516],\n",
      "        [0.2412, 0.4585, 0.3003],\n",
      "        [0.2388, 0.4453, 0.3159],\n",
      "        [0.3951, 0.2590, 0.3459],\n",
      "        [0.2752, 0.4306, 0.2942],\n",
      "        [0.2186, 0.5043, 0.2771],\n",
      "        [0.3212, 0.3536, 0.3252],\n",
      "        [0.2747, 0.3184, 0.4069],\n",
      "        [0.2970, 0.3213, 0.3817],\n",
      "        [0.3641, 0.2301, 0.4058]])\n"
     ]
    },
    {
     "data": {
      "application/vnd.jupyter.widget-view+json": {
       "model_id": "18f643fd8e5b4a2bbb83fae3f0bde1a7",
       "version_major": 2,
       "version_minor": 0
      },
      "text/plain": [
       "Validation: 0it [00:00, ?it/s]"
      ]
     },
     "metadata": {},
     "output_type": "display_data"
    },
    {
     "name": "stderr",
     "output_type": "stream",
     "text": [
      "Using bos_token, but it is not set yet.\n",
      "Using eos_token, but it is not set yet.\n",
      "Using bos_token, but it is not set yet.\n",
      "Using eos_token, but it is not set yet.\n"
     ]
    },
    {
     "name": "stdout",
     "output_type": "stream",
     "text": [
      "tensor([[0.4665, 0.2218, 0.3116],\n",
      "        [0.3802, 0.1629, 0.4569],\n",
      "        [0.2383, 0.4972, 0.2645],\n",
      "        [0.3539, 0.3349, 0.3112],\n",
      "        [0.3989, 0.1937, 0.4074],\n",
      "        [0.4103, 0.1784, 0.4114],\n",
      "        [0.3026, 0.2805, 0.4170],\n",
      "        [0.2014, 0.5667, 0.2319],\n",
      "        [0.4566, 0.1407, 0.4027],\n",
      "        [0.4468, 0.2231, 0.3300],\n",
      "        [0.3798, 0.3226, 0.2977],\n",
      "        [0.1867, 0.5800, 0.2333],\n",
      "        [0.4398, 0.1290, 0.4312],\n",
      "        [0.4581, 0.1948, 0.3471],\n",
      "        [0.3038, 0.3821, 0.3141],\n",
      "        [0.2202, 0.5114, 0.2684],\n",
      "        [0.1935, 0.5696, 0.2369],\n",
      "        [0.3579, 0.1922, 0.4499],\n",
      "        [0.2535, 0.4800, 0.2665],\n",
      "        [0.3205, 0.2549, 0.4246],\n",
      "        [0.3497, 0.2921, 0.3582],\n",
      "        [0.4525, 0.1375, 0.4100],\n",
      "        [0.3813, 0.2001, 0.4186],\n",
      "        [0.4840, 0.2286, 0.2874],\n",
      "        [0.4367, 0.1374, 0.4259],\n",
      "        [0.4002, 0.1599, 0.4399],\n",
      "        [0.1859, 0.5953, 0.2188],\n",
      "        [0.3863, 0.2146, 0.3991],\n",
      "        [0.1816, 0.5929, 0.2255],\n",
      "        [0.2003, 0.5714, 0.2283],\n",
      "        [0.1916, 0.5914, 0.2170],\n",
      "        [0.4597, 0.1956, 0.3447],\n",
      "        [0.3301, 0.2097, 0.4602],\n",
      "        [0.4207, 0.1552, 0.4241],\n",
      "        [0.3491, 0.3314, 0.3195],\n",
      "        [0.4192, 0.1690, 0.4117],\n",
      "        [0.2029, 0.5596, 0.2375],\n",
      "        [0.2001, 0.5907, 0.2092],\n",
      "        [0.2021, 0.5643, 0.2336],\n",
      "        [0.2195, 0.5554, 0.2251],\n",
      "        [0.4561, 0.1305, 0.4134],\n",
      "        [0.4378, 0.2401, 0.3221],\n",
      "        [0.3719, 0.1968, 0.4313],\n",
      "        [0.4362, 0.2041, 0.3597],\n",
      "        [0.1957, 0.5752, 0.2291],\n",
      "        [0.2193, 0.5171, 0.2635],\n",
      "        [0.3573, 0.2890, 0.3537],\n",
      "        [0.4295, 0.2383, 0.3323],\n",
      "        [0.2073, 0.5689, 0.2238],\n",
      "        [0.4125, 0.2487, 0.3388],\n",
      "        [0.4662, 0.2191, 0.3147],\n",
      "        [0.3791, 0.3031, 0.3178],\n",
      "        [0.3284, 0.2533, 0.4183],\n",
      "        [0.1979, 0.5799, 0.2222],\n",
      "        [0.3865, 0.2154, 0.3981],\n",
      "        [0.2048, 0.5656, 0.2296],\n",
      "        [0.2169, 0.5193, 0.2639],\n",
      "        [0.4687, 0.1985, 0.3328],\n",
      "        [0.2428, 0.5172, 0.2400],\n",
      "        [0.1921, 0.5823, 0.2256],\n",
      "        [0.4269, 0.2719, 0.3011],\n",
      "        [0.3261, 0.2221, 0.4518],\n",
      "        [0.3879, 0.1980, 0.4142],\n",
      "        [0.4639, 0.1326, 0.4035]])\n"
     ]
    },
    {
     "data": {
      "application/vnd.jupyter.widget-view+json": {
       "model_id": "156a0381e97d41baa6814d03059b9ad5",
       "version_major": 2,
       "version_minor": 0
      },
      "text/plain": [
       "Validation: 0it [00:00, ?it/s]"
      ]
     },
     "metadata": {},
     "output_type": "display_data"
    },
    {
     "name": "stderr",
     "output_type": "stream",
     "text": [
      "Using bos_token, but it is not set yet.\n",
      "Using eos_token, but it is not set yet.\n",
      "Using bos_token, but it is not set yet.\n",
      "Using eos_token, but it is not set yet.\n"
     ]
    },
    {
     "name": "stdout",
     "output_type": "stream",
     "text": [
      "tensor([[0.5353, 0.1706, 0.2940],\n",
      "        [0.3918, 0.1237, 0.4845],\n",
      "        [0.1881, 0.6110, 0.2009],\n",
      "        [0.4364, 0.2654, 0.2982],\n",
      "        [0.4589, 0.1321, 0.4090],\n",
      "        [0.4111, 0.1336, 0.4554],\n",
      "        [0.2969, 0.2444, 0.4587],\n",
      "        [0.1648, 0.6522, 0.1829],\n",
      "        [0.4052, 0.2185, 0.3762],\n",
      "        [0.5357, 0.1747, 0.2896],\n",
      "        [0.4287, 0.3262, 0.2451],\n",
      "        [0.1549, 0.6613, 0.1838],\n",
      "        [0.4585, 0.1128, 0.4288],\n",
      "        [0.4564, 0.2226, 0.3210],\n",
      "        [0.3405, 0.3501, 0.3095],\n",
      "        [0.1784, 0.6180, 0.2036],\n",
      "        [0.1591, 0.6564, 0.1845],\n",
      "        [0.3628, 0.1333, 0.5039],\n",
      "        [0.2130, 0.5715, 0.2154],\n",
      "        [0.3746, 0.1554, 0.4700],\n",
      "        [0.4480, 0.1785, 0.3735],\n",
      "        [0.4092, 0.1399, 0.4509],\n",
      "        [0.3833, 0.1512, 0.4655],\n",
      "        [0.5731, 0.1796, 0.2473],\n",
      "        [0.4528, 0.1175, 0.4297],\n",
      "        [0.4234, 0.1238, 0.4528],\n",
      "        [0.1548, 0.6676, 0.1776],\n",
      "        [0.4603, 0.1374, 0.4023],\n",
      "        [0.1511, 0.6727, 0.1762],\n",
      "        [0.1622, 0.6589, 0.1789],\n",
      "        [0.1598, 0.6659, 0.1742],\n",
      "        [0.5040, 0.1493, 0.3467],\n",
      "        [0.3271, 0.1617, 0.5112],\n",
      "        [0.4549, 0.1206, 0.4245],\n",
      "        [0.3725, 0.3352, 0.2923],\n",
      "        [0.4194, 0.1244, 0.4561],\n",
      "        [0.1635, 0.6588, 0.1777],\n",
      "        [0.1649, 0.6735, 0.1616],\n",
      "        [0.1660, 0.6497, 0.1843],\n",
      "        [0.1752, 0.6449, 0.1799],\n",
      "        [0.4618, 0.1167, 0.4215],\n",
      "        [0.5148, 0.1740, 0.3111],\n",
      "        [0.3760, 0.1482, 0.4759],\n",
      "        [0.4774, 0.1615, 0.3611],\n",
      "        [0.1575, 0.6651, 0.1774],\n",
      "        [0.1822, 0.6136, 0.2042],\n",
      "        [0.4609, 0.2120, 0.3271],\n",
